1 117.78495025634766 
2 72.70735168457031 
3 76.98882293701172 
4 85.54322052001953 
5 71.87507629394531 
6 83.85730743408203 
7 79.95513916015625 
8 76.6548080444336 
9 72.09536743164062 
10 71.31454467773438 
11 71.0413818359375 
12 72.8862075805664 
13 82.78515625 
14 86.60917663574219 
15 71.48464965820312 
16 74.29583740234375 
17 70.45823669433594 
18 70.31702423095703 
19 74.20565795898438 
20 70.3583755493164 
21 69.32389831542969 
22 72.45283508300781 
23 75.2911148071289 
24 70.24772644042969 
25 80.53910827636719 
26 69.53355407714844 
27 74.03311157226562 
28 71.79808044433594 
29 71.86267852783203 
30 71.27392578125 
31 69.24650573730469 
32 75.56114959716797 
33 77.77125549316406 
34 70.64716339111328 
35 70.82963562011719 
36 72.78307342529297 
37 68.08397674560547 
38 68.96917724609375 
39 70.71720123291016 
40 70.17509460449219 
41 69.58756256103516 
42 68.83605194091797 
43 68.7208251953125 
44 67.75616455078125 
45 84.21044921875 
46 77.74388885498047 
47 67.40533447265625 
48 68.54401397705078 
49 77.14737701416016 
50 75.8775863647461 
51 69.79524993896484 
52 68.30481719970703 
53 67.71405029296875 
54 69.20925903320312 
55 71.12671661376953 
56 69.18346405029297 
57 67.23302459716797 
58 70.47913360595703 
59 73.07937622070312 
60 69.1395034790039 
61 69.66616821289062 
62 71.0704116821289 
63 67.42207336425781 
64 67.24166870117188 
65 68.79418182373047 
66 84.10383605957031 
67 69.27182006835938 
68 68.32921600341797 
69 68.91307830810547 
70 68.88909912109375 
71 69.52582550048828 
72 71.93136596679688 
73 70.7807846069336 
74 67.94414520263672 
75 67.48336791992188 
76 69.16748809814453 
77 68.98373413085938 
78 67.70733642578125 
79 67.87433624267578 
80 71.08615112304688 
81 67.02395629882812 
82 68.39485931396484 
83 76.43987274169922 
84 69.35457611083984 
85 72.34129333496094 
86 79.2431869506836 
87 69.39275360107422 
88 75.01255798339844 
89 74.78912353515625 
90 73.25252532958984 
91 67.81619262695312 
92 67.74409484863281 
93 68.68899536132812 
94 73.5738754272461 
95 67.88525390625 
96 72.23584747314453 
97 69.17921447753906 
98 69.12792205810547 
99 67.70475769042969 
100 68.19092559814453 
101 68.06793212890625 
102 70.36309814453125 
103 67.74716186523438 
104 67.61736297607422 
105 71.90785217285156 
106 67.48684692382812 
107 67.84545135498047 
108 69.20233917236328 
109 66.45284271240234 
110 67.5044174194336 
111 70.19754028320312 
112 67.81543731689453 
113 68.90911865234375 
114 70.4354248046875 
115 67.53665161132812 
116 68.40377044677734 
117 70.72285461425781 
118 67.97940063476562 
119 68.6711654663086 
120 70.744873046875 
121 68.59613037109375 
122 68.45840454101562 
123 68.86064147949219 
124 66.1750259399414 
125 66.8962631225586 
126 68.08668518066406 
127 70.24175262451172 
128 67.7646713256836 
129 68.000244140625 
130 66.90277099609375 
131 67.79336547851562 
132 69.67525482177734 
133 66.6537094116211 
134 73.30968475341797 
135 66.87159729003906 
136 69.72315216064453 
137 68.39449310302734 
138 75.16696166992188 
139 74.97479248046875 
140 78.14055633544922 
141 75.0188980102539 
142 67.2016372680664 
143 69.0068588256836 
144 69.9245376586914 
145 70.51614379882812 
146 69.26583099365234 
147 72.41281127929688 
148 68.61526489257812 
149 67.56352233886719 
150 70.20824432373047 
151 73.3038558959961 
152 67.75823974609375 
153 68.73851776123047 
154 65.66175079345703 
155 67.51734161376953 
156 68.64647674560547 
157 67.84282684326172 
158 67.05320739746094 
159 72.35812377929688 
160 69.83726501464844 
161 78.82239532470703 
162 70.72803497314453 
163 66.63905334472656 
164 68.7482681274414 
165 66.74075317382812 
166 65.40019989013672 
167 67.33824920654297 
168 68.83860778808594 
169 68.7255859375 
170 70.29829406738281 
171 71.3638687133789 
172 69.29415893554688 
173 68.64924621582031 
174 72.30376434326172 
175 70.58936309814453 
176 66.20823669433594 
177 69.98234558105469 
178 67.52182006835938 
179 68.70127868652344 
180 69.18504333496094 
181 68.37924194335938 
182 65.66719818115234 
183 67.88345336914062 
184 69.95044708251953 
185 67.14002227783203 
186 68.78489685058594 
187 67.19911193847656 
188 71.44409942626953 
189 69.05462646484375 
190 67.44796752929688 
191 67.57504272460938 
192 66.15990447998047 
193 65.3178939819336 
194 68.62954711914062 
195 63.933067321777344 
196 70.05326843261719 
197 70.09591674804688 
198 66.84973907470703 
199 67.62759399414062 
200 71.2263412475586 
201 65.9466781616211 
202 67.5911865234375 
203 64.31768798828125 
204 69.09284210205078 
205 64.8113021850586 
206 65.88912963867188 
207 71.22753143310547 
208 68.38531494140625 
209 65.10027313232422 
210 69.98487091064453 
211 69.6647720336914 
212 67.53634643554688 
213 63.23550796508789 
214 65.32701110839844 
215 63.392845153808594 
216 66.11447143554688 
217 64.9583511352539 
218 64.94200897216797 
219 67.147216796875 
220 63.780433654785156 
221 64.60733032226562 
222 64.3293228149414 
223 64.67495727539062 
224 67.85204315185547 
225 66.57820892333984 
226 66.272705078125 
227 64.93145751953125 
228 62.88078308105469 
229 65.10807037353516 
230 64.11060333251953 
231 65.96607208251953 
232 66.9738540649414 
233 63.629241943359375 
234 63.76866149902344 
235 65.9451675415039 
236 63.93085479736328 
237 66.05736541748047 
238 63.437896728515625 
239 61.31304168701172 
240 62.95561218261719 
241 61.00971984863281 
242 62.59000015258789 
243 60.513607025146484 
244 60.3167839050293 
245 62.590553283691406 
246 62.43022155761719 
247 62.66106033325195 
248 61.211181640625 
249 61.94051742553711 
250 62.91535186767578 
251 64.48362731933594 
252 66.60893249511719 
253 70.09663391113281 
254 68.9788589477539 
255 67.88079071044922 
256 61.490962982177734 
257 63.87123107910156 
258 59.36296081542969 
259 62.133384704589844 
260 60.043880462646484 
261 61.96744155883789 
262 64.55204772949219 
263 66.94622039794922 
264 61.09761047363281 
265 63.387569427490234 
266 58.95039367675781 
267 58.34333419799805 
268 58.49018478393555 
269 62.58602523803711 
270 64.84435272216797 
271 61.402099609375 
272 62.611236572265625 
273 63.84114074707031 
274 58.12343215942383 
275 57.390830993652344 
276 61.058998107910156 
277 56.04966354370117 
278 62.888004302978516 
279 57.476966857910156 
280 57.52461242675781 
281 58.43470764160156 
282 56.63726043701172 
283 62.67961883544922 
284 59.800682067871094 
285 63.58647918701172 
286 55.6097297668457 
287 56.2857551574707 
288 61.36162567138672 
289 69.8928451538086 
290 62.15903854370117 
291 66.48712921142578 
292 58.550289154052734 
293 53.06239318847656 
294 63.96725082397461 
295 62.5539436340332 
296 57.99871063232422 
297 55.15663146972656 
298 55.05152893066406 
299 59.777408599853516 
300 57.045738220214844 
301 54.51114273071289 
302 53.92229080200195 
303 61.86455154418945 
304 59.04084014892578 
305 52.86936950683594 
306 51.9979362487793 
307 58.17765808105469 
308 52.092430114746094 
309 55.749027252197266 
310 55.36338424682617 
311 51.91093826293945 
312 53.14348220825195 
313 52.18535232543945 
314 49.90054702758789 
315 55.283992767333984 
316 49.03581237792969 
317 50.848114013671875 
318 56.12675476074219 
319 49.68684005737305 
320 55.900516510009766 
321 52.66815948486328 
322 49.76004409790039 
323 53.02141189575195 
324 49.1772346496582 
325 52.09319305419922 
326 52.52361297607422 
327 48.02751922607422 
328 52.068477630615234 
329 56.34779357910156 
330 51.774513244628906 
331 48.831485748291016 
332 46.348697662353516 
333 51.732887268066406 
334 47.839962005615234 
335 46.46247482299805 
336 46.82215881347656 
337 46.1467399597168 
338 47.45441436767578 
339 52.0452995300293 
340 61.8816032409668 
341 49.92593765258789 
342 46.41367721557617 
343 47.440860748291016 
344 53.86565399169922 
345 50.18254852294922 
346 53.34003448486328 
347 53.547767639160156 
348 51.2783088684082 
349 50.437461853027344 
350 51.13429641723633 
351 52.68739700317383 
352 47.68824768066406 
353 47.05705261230469 
354 45.34266662597656 
355 45.8000602722168 
356 53.195892333984375 
357 49.593814849853516 
358 48.940162658691406 
359 55.64999008178711 
360 52.847530364990234 
361 50.404117584228516 
362 47.72542953491211 
363 47.92388153076172 
364 47.0504035949707 
365 43.74654769897461 
366 45.95478820800781 
367 50.218040466308594 
368 45.06509780883789 
369 43.88612747192383 
370 44.726497650146484 
371 45.42682647705078 
372 41.99663543701172 
373 45.52894592285156 
374 46.20121765136719 
375 47.188663482666016 
376 49.378726959228516 
377 55.302974700927734 
378 46.104827880859375 
379 50.0130500793457 
380 47.32769012451172 
381 43.520423889160156 
382 43.7580680847168 
383 42.5181999206543 
384 43.10649108886719 
385 44.48552703857422 
386 46.935062408447266 
387 43.636417388916016 
388 43.812889099121094 
389 46.705081939697266 
390 47.13633728027344 
391 51.00732421875 
392 41.298622131347656 
393 42.932735443115234 
394 41.63917541503906 
395 42.535648345947266 
396 41.34953689575195 
397 42.1807746887207 
398 47.2810173034668 
399 45.265594482421875 
400 46.79191970825195 
401 41.14177322387695 
402 41.146759033203125 
403 42.72476577758789 
404 44.556793212890625 
405 41.6583137512207 
406 49.419677734375 
407 45.34188461303711 
408 42.11561584472656 
409 40.043426513671875 
410 44.42213821411133 
411 42.41816329956055 
412 44.53152847290039 
413 42.218082427978516 
414 50.93046569824219 
415 51.14934539794922 
416 40.889347076416016 
417 47.69309997558594 
418 43.888099670410156 
419 41.472320556640625 
420 41.58738327026367 
421 40.2804069519043 
422 50.006065368652344 
423 41.208335876464844 
424 42.891021728515625 
425 40.65519714355469 
426 44.177032470703125 
427 40.75227355957031 
428 39.995079040527344 
429 38.79145431518555 
430 42.470947265625 
431 42.2901496887207 
432 41.23289489746094 
433 38.7725944519043 
434 40.6107177734375 
435 39.53845977783203 
436 38.51347732543945 
437 41.76715850830078 
438 43.736392974853516 
439 40.35773849487305 
440 47.127803802490234 
441 39.6234016418457 
442 41.951866149902344 
443 47.176429748535156 
444 52.950218200683594 
445 39.3293571472168 
446 38.7562141418457 
447 41.0096435546875 
448 38.696922302246094 
449 38.26336669921875 
450 41.4437370300293 
451 37.60074234008789 
452 38.920127868652344 
453 37.32029724121094 
454 43.173946380615234 
455 40.67601776123047 
456 45.45340347290039 
457 47.75031661987305 
458 43.310123443603516 
459 42.605018615722656 
460 40.26957321166992 
461 36.972354888916016 
462 37.77581024169922 
463 38.7264289855957 
464 40.11619567871094 
465 40.19129943847656 
466 39.75894546508789 
467 36.46025466918945 
468 37.821739196777344 
469 44.010562896728516 
470 48.06889343261719 
471 36.790496826171875 
472 36.61474609375 
473 38.316253662109375 
474 46.4323616027832 
475 46.25022506713867 
476 42.102333068847656 
477 37.69892120361328 
478 39.32194137573242 
479 35.9315299987793 
480 36.085147857666016 
481 38.08613204956055 
482 39.343658447265625 
483 35.05931091308594 
484 32.564579010009766 
485 32.63741683959961 
486 37.515132904052734 
487 35.51496124267578 
488 34.466957092285156 
489 34.122615814208984 
490 33.40121078491211 
491 35.9461555480957 
492 32.84516906738281 
493 33.94582748413086 
494 37.1464729309082 
495 35.97677230834961 
496 36.4359245300293 
497 40.45048904418945 
498 38.73800277709961 
499 33.0722541809082 
500 34.62654113769531 
501 38.06709289550781 
502 37.716217041015625 
503 33.305992126464844 
504 31.14553451538086 
505 35.430355072021484 
506 33.121192932128906 
507 33.91012191772461 
508 35.650028228759766 
509 37.31376266479492 
510 35.71699523925781 
511 38.465335845947266 
512 31.74687957763672 
513 41.289127349853516 
514 37.262298583984375 
515 31.92346954345703 
516 35.01020812988281 
517 34.53380584716797 
518 33.4585075378418 
519 33.37191390991211 
520 34.49977111816406 
521 32.768646240234375 
522 32.52261734008789 
523 31.931955337524414 
524 33.52800369262695 
525 36.50239181518555 
526 34.113216400146484 
527 35.78605270385742 
528 39.441627502441406 
529 38.839195251464844 
530 34.40977478027344 
531 34.983272552490234 
532 32.21151351928711 
533 33.65715026855469 
534 36.8123893737793 
535 30.7203311920166 
536 31.055980682373047 
537 36.438594818115234 
538 37.407554626464844 
539 31.781749725341797 
540 33.942665100097656 
541 33.57192611694336 
542 35.77854537963867 
543 40.37313461303711 
544 35.808067321777344 
545 33.43898010253906 
546 32.263954162597656 
547 31.174989700317383 
548 33.608985900878906 
549 40.821868896484375 
550 37.08302307128906 
551 33.68952941894531 
552 35.658782958984375 
553 34.96208572387695 
554 32.05310821533203 
555 30.386018753051758 
556 29.27199935913086 
557 31.421035766601562 
558 30.111337661743164 
559 31.875219345092773 
560 33.3515739440918 
561 35.097442626953125 
562 32.2479362487793 
563 34.034278869628906 
564 35.939762115478516 
565 31.830259323120117 
566 30.476415634155273 
567 32.276729583740234 
568 33.51469802856445 
569 30.933053970336914 
570 36.51339340209961 
571 39.19334411621094 
572 31.32009506225586 
573 31.014881134033203 
574 29.835336685180664 
575 28.02423667907715 
576 31.230026245117188 
577 32.491329193115234 
578 31.8209285736084 
579 33.18927001953125 
580 32.28518295288086 
581 31.40938949584961 
582 32.67631149291992 
583 31.55609130859375 
584 30.777820587158203 
585 30.391185760498047 
586 30.520883560180664 
587 33.3657112121582 
588 40.09431457519531 
589 30.538198471069336 
590 36.355613708496094 
591 31.970659255981445 
592 30.400022506713867 
593 29.341041564941406 
594 28.62310028076172 
595 29.387832641601562 
596 32.811866760253906 
597 32.62602615356445 
598 32.325687408447266 
599 30.620450973510742 
600 31.611923217773438 
601 30.309724807739258 
602 31.05755615234375 
603 35.337772369384766 
604 34.08845520019531 
605 32.7422981262207 
606 31.9862117767334 
607 32.634368896484375 
608 30.39177894592285 
609 31.013389587402344 
610 30.21963119506836 
611 36.065792083740234 
612 32.13774490356445 
613 31.060840606689453 
614 29.967723846435547 
615 28.50180435180664 
616 30.353403091430664 
617 29.776172637939453 
618 35.59173583984375 
619 35.8782844543457 
620 28.82910919189453 
621 29.451274871826172 
622 29.461353302001953 
623 29.40976333618164 
624 31.877792358398438 
625 34.51158142089844 
626 29.944772720336914 
627 28.59583282470703 
628 44.125667572021484 
629 36.59090805053711 
630 29.24893569946289 
631 29.13311004638672 
632 28.556528091430664 
633 32.098609924316406 
634 31.10330581665039 
635 34.24091720581055 
636 29.479658126831055 
637 28.926538467407227 
638 29.513626098632812 
639 30.59372329711914 
640 28.683229446411133 
641 33.020137786865234 
642 30.4587459564209 
643 30.225868225097656 
644 32.257022857666016 
645 34.26611328125 
646 27.30500030517578 
647 32.37687683105469 
648 28.304059982299805 
649 31.29901695251465 
650 30.84479522705078 
651 29.902185440063477 
652 31.09856605529785 
653 30.660295486450195 
654 31.363439559936523 
655 34.84413146972656 
656 28.652114868164062 
657 33.074317932128906 
658 31.798688888549805 
659 29.402456283569336 
660 31.570287704467773 
661 27.689716339111328 
662 28.66840171813965 
663 29.96774673461914 
664 30.702852249145508 
665 30.618148803710938 
666 28.401742935180664 
667 28.805654525756836 
668 28.60381507873535 
669 29.858007431030273 
670 28.427894592285156 
671 31.224685668945312 
672 27.53394317626953 
673 31.133567810058594 
674 32.69577407836914 
675 29.404287338256836 
676 31.864858627319336 
677 33.938087463378906 
678 28.81191635131836 
679 29.115924835205078 
680 29.73333168029785 
681 29.44886016845703 
682 30.320049285888672 
683 32.090789794921875 
684 28.07425308227539 
685 29.301191329956055 
686 28.812057495117188 
687 29.75189971923828 
688 26.405498504638672 
689 29.460365295410156 
690 28.344337463378906 
691 28.217824935913086 
692 27.43716812133789 
693 30.025014877319336 
694 31.939977645874023 
695 26.394559860229492 
696 28.06228256225586 
697 29.02172088623047 
698 27.494508743286133 
699 29.058486938476562 
700 35.88749694824219 
701 28.23455238342285 
702 27.692564010620117 
703 28.02130126953125 
704 28.879884719848633 
705 29.913963317871094 
706 30.822233200073242 
707 27.447751998901367 
708 29.034692764282227 
709 28.271404266357422 
710 28.826536178588867 
711 30.53265380859375 
712 29.376842498779297 
713 31.13361167907715 
714 30.743078231811523 
715 26.4923152923584 
716 26.447315216064453 
717 28.27450180053711 
718 28.208507537841797 
719 25.780654907226562 
720 27.9977970123291 
721 27.232622146606445 
722 28.99640655517578 
723 26.952375411987305 
724 30.635522842407227 
725 30.319650650024414 
726 28.503435134887695 
727 27.007081985473633 
728 28.977622985839844 
729 27.970468521118164 
730 33.081050872802734 
731 29.068809509277344 
732 26.105180740356445 
733 30.483375549316406 
734 31.62450408935547 
735 28.951744079589844 
736 32.537410736083984 
737 33.04930114746094 
738 32.914241790771484 
739 33.14609146118164 
740 31.07046890258789 
741 29.183332443237305 
742 30.593568801879883 
743 28.385011672973633 
744 26.74359130859375 
745 27.554311752319336 
746 26.482833862304688 
747 30.405345916748047 
748 31.855878829956055 
749 27.44388198852539 
750 27.782241821289062 
751 29.64759063720703 
752 32.11313247680664 
753 29.214860916137695 
754 30.004194259643555 
755 26.57818031311035 
756 28.89547348022461 
757 32.50334548950195 
758 28.815153121948242 
759 27.61054229736328 
760 26.597562789916992 
761 30.549903869628906 
762 29.102563858032227 
763 34.02275466918945 
764 27.914955139160156 
765 27.817218780517578 
766 28.087114334106445 
767 31.46017837524414 
768 32.27585983276367 
769 29.176488876342773 
770 26.786718368530273 
771 27.423908233642578 
772 30.099668502807617 
773 28.82821273803711 
774 26.474096298217773 
775 26.068531036376953 
776 25.989212036132812 
777 26.1640682220459 
778 28.512493133544922 
779 29.98569107055664 
780 26.57757568359375 
781 26.300430297851562 
782 25.657819747924805 
783 27.850820541381836 
784 25.091411590576172 
785 27.31940269470215 
786 26.277149200439453 
787 25.91988754272461 
788 27.36514663696289 
789 26.648033142089844 
790 26.011404037475586 
791 29.2966365814209 
792 28.603422164916992 
793 29.226970672607422 
794 27.106504440307617 
795 30.366565704345703 
796 25.876245498657227 
797 27.725893020629883 
798 29.561887741088867 
799 32.07398986816406 
800 25.926698684692383 
801 27.3219051361084 
802 26.407655715942383 
803 28.254192352294922 
804 26.414506912231445 
805 25.446876525878906 
806 26.620973587036133 
807 28.151586532592773 
808 26.45879364013672 
809 25.343582153320312 
810 27.558917999267578 
811 29.037109375 
812 25.158998489379883 
813 25.054128646850586 
814 27.001934051513672 
815 27.80365753173828 
816 30.47836685180664 
817 28.166269302368164 
818 25.103273391723633 
819 28.805522918701172 
820 26.646848678588867 
821 28.13471221923828 
822 25.74835777282715 
823 31.121320724487305 
824 25.892656326293945 
825 25.724952697753906 
826 25.965003967285156 
827 28.58493423461914 
828 26.570261001586914 
829 25.755210876464844 
830 27.297988891601562 
831 23.685380935668945 
832 31.984851837158203 
833 25.026233673095703 
834 26.0512752532959 
835 27.713661193847656 
836 25.055259704589844 
837 25.125566482543945 
838 29.363718032836914 
839 26.942455291748047 
840 28.381057739257812 
841 24.380373001098633 
842 26.767414093017578 
843 28.560209274291992 
844 25.77983856201172 
845 24.78165054321289 
846 27.84963607788086 
847 30.856348037719727 
848 23.78264617919922 
849 25.17748260498047 
850 33.265079498291016 
851 34.43085861206055 
852 26.40972900390625 
853 31.232200622558594 
854 29.94690704345703 
855 29.08063316345215 
856 30.580322265625 
857 29.967084884643555 
858 29.81865882873535 
859 26.287254333496094 
860 26.264564514160156 
861 25.918071746826172 
862 25.88604164123535 
863 25.434368133544922 
864 30.84406280517578 
865 27.554819107055664 
866 29.6318416595459 
867 26.1948184967041 
868 26.49248504638672 
869 27.68145179748535 
870 29.546361923217773 
871 27.354822158813477 
872 27.511747360229492 
873 26.07819366455078 
874 26.448284149169922 
875 28.846166610717773 
876 27.2382755279541 
877 25.231950759887695 
878 22.84003257751465 
879 25.017576217651367 
880 29.49498748779297 
881 25.78449058532715 
882 28.34882164001465 
883 30.662792205810547 
884 25.355764389038086 
885 23.4545955657959 
886 25.104598999023438 
887 25.24615478515625 
888 26.5885009765625 
889 24.13335418701172 
890 28.368419647216797 
891 26.70224380493164 
892 23.902484893798828 
893 27.01144790649414 
894 26.511302947998047 
895 27.1205997467041 
896 24.640697479248047 
897 25.01568603515625 
898 24.963424682617188 
899 28.976268768310547 
900 28.42754364013672 
901 28.484243392944336 
902 23.907991409301758 
903 24.722217559814453 
904 25.264833450317383 
905 23.903963088989258 
906 25.144636154174805 
907 27.610336303710938 
908 26.54352569580078 
909 23.37200355529785 
910 23.247451782226562 
911 25.402673721313477 
912 24.597278594970703 
913 24.423891067504883 
914 24.78091049194336 
915 26.34027099609375 
916 24.388124465942383 
917 26.7860164642334 
918 25.2075138092041 
919 23.432138442993164 
920 22.737899780273438 
921 27.968477249145508 
922 26.059541702270508 
923 24.893407821655273 
924 24.899250030517578 
925 23.440595626831055 
926 23.572120666503906 
927 23.38616371154785 
928 23.94127655029297 
929 23.254175186157227 
930 24.41362762451172 
931 25.149673461914062 
932 23.067405700683594 
933 23.28143882751465 
934 24.647693634033203 
935 24.628713607788086 
936 22.411928176879883 
937 23.413684844970703 
938 25.655563354492188 
939 25.944910049438477 
940 25.299619674682617 
941 24.729116439819336 
942 23.71710777282715 
943 25.00879669189453 
944 25.61307144165039 
945 32.458065032958984 
946 28.677648544311523 
947 25.04149627685547 
948 23.936269760131836 
949 27.346811294555664 
950 22.363872528076172 
951 25.669313430786133 
952 24.495071411132812 
953 23.690046310424805 
954 21.475669860839844 
955 27.236248016357422 
956 24.718297958374023 
957 22.87238121032715 
958 23.366945266723633 
959 21.846891403198242 
960 25.975473403930664 
961 21.784896850585938 
962 23.24542999267578 
963 25.443666458129883 
964 25.305343627929688 
965 22.183523178100586 
966 24.019508361816406 
967 24.058412551879883 
968 29.237781524658203 
969 25.356430053710938 
970 32.517356872558594 
971 26.311111450195312 
972 23.524351119995117 
973 23.678342819213867 
974 23.75954818725586 
975 22.398399353027344 
976 25.675548553466797 
977 29.886493682861328 
978 23.83190155029297 
979 22.641407012939453 
980 23.15677261352539 
981 23.276718139648438 
982 24.123703002929688 
983 22.790983200073242 
984 23.437763214111328 
985 25.402963638305664 
986 26.146263122558594 
987 23.4459285736084 
988 22.62905502319336 
989 26.269067764282227 
990 21.966228485107422 
991 21.374286651611328 
992 26.949678421020508 
993 23.005199432373047 
994 22.230815887451172 
995 24.472169876098633 
996 22.016860961914062 
997 23.503040313720703 
998 23.334915161132812 
999 24.578880310058594 
1000 26.388307571411133 
1001 21.90719985961914 
1002 25.8286075592041 
1003 22.443370819091797 
1004 29.120141983032227 
1005 24.29381561279297 
1006 21.94485092163086 
1007 23.10451889038086 
1008 25.793193817138672 
1009 21.642728805541992 
1010 22.101011276245117 
1011 22.90685272216797 
1012 21.480852127075195 
1013 24.22527503967285 
1014 26.249340057373047 
1015 21.41436767578125 
1016 21.107166290283203 
1017 22.736919403076172 
1018 21.7902889251709 
1019 23.09676742553711 
1020 22.393505096435547 
1021 23.122661590576172 
1022 21.84234619140625 
1023 22.04906463623047 
1024 23.83820343017578 
1025 21.751585006713867 
1026 23.57806968688965 
1027 22.3601016998291 
1028 24.683349609375 
1029 21.614730834960938 
1030 22.18869400024414 
1031 21.816312789916992 
1032 26.749479293823242 
1033 28.115217208862305 
1034 22.0554141998291 
1035 24.24382972717285 
1036 28.509130477905273 
1037 22.926488876342773 
1038 23.122926712036133 
1039 24.178543090820312 
1040 22.952865600585938 
1041 21.027456283569336 
1042 21.611164093017578 
1043 26.792518615722656 
1044 22.897207260131836 
1045 21.635177612304688 
1046 24.67865753173828 
1047 23.370952606201172 
1048 20.44755744934082 
1049 21.088882446289062 
1050 25.897048950195312 
1051 26.255205154418945 
1052 20.85772132873535 
1053 24.927927017211914 
1054 29.916553497314453 
1055 22.480424880981445 
1056 22.771499633789062 
1057 23.398754119873047 
1058 27.835525512695312 
1059 33.27289962768555 
1060 23.250398635864258 
1061 22.449810028076172 
1062 25.333372116088867 
1063 22.446569442749023 
1064 24.69974136352539 
1065 29.13424301147461 
1066 22.406415939331055 
1067 21.993488311767578 
1068 21.36797332763672 
1069 21.82883071899414 
1070 22.986305236816406 
1071 21.48131561279297 
1072 23.750490188598633 
1073 23.2215576171875 
1074 20.708789825439453 
1075 21.693822860717773 
1076 20.902681350708008 
1077 21.894245147705078 
1078 21.610197067260742 
1079 24.196836471557617 
1080 30.316179275512695 
1081 29.75109100341797 
1082 25.618162155151367 
1083 23.24925994873047 
1084 20.95302963256836 
1085 23.073196411132812 
1086 20.740192413330078 
1087 23.042238235473633 
1088 23.993009567260742 
1089 25.220531463623047 
1090 22.029277801513672 
1091 23.655744552612305 
1092 23.138399124145508 
1093 20.305381774902344 
1094 21.175371170043945 
1095 22.48651695251465 
1096 20.124765396118164 
1097 22.39208221435547 
1098 26.624242782592773 
1099 23.06546401977539 
1100 23.126184463500977 
1101 23.216615676879883 
1102 20.866775512695312 
1103 22.349733352661133 
1104 20.022493362426758 
1105 19.60114097595215 
1106 19.54536247253418 
1107 22.9913272857666 
1108 36.8619384765625 
1109 24.15216636657715 
1110 23.057109832763672 
1111 23.152090072631836 
1112 23.260986328125 
1113 21.188859939575195 
1114 22.717145919799805 
1115 22.947675704956055 
1116 21.728200912475586 
1117 23.208908081054688 
1118 23.343029022216797 
1119 21.8469295501709 
1120 21.034578323364258 
1121 20.6357364654541 
1122 22.241506576538086 
1123 23.57009506225586 
1124 27.835214614868164 
1125 23.113752365112305 
1126 21.457548141479492 
1127 22.192136764526367 
1128 22.614530563354492 
1129 21.933879852294922 
1130 22.11687469482422 
1131 22.7767391204834 
1132 20.396800994873047 
1133 21.73800277709961 
1134 21.830615997314453 
1135 21.942588806152344 
1136 24.0741024017334 
1137 21.074729919433594 
1138 21.408544540405273 
1139 21.455402374267578 
1140 21.418642044067383 
1141 22.3958797454834 
1142 20.991252899169922 
1143 20.35559844970703 
1144 21.121519088745117 
1145 23.21414566040039 
1146 19.852737426757812 
1147 20.755165100097656 
1148 22.729721069335938 
1149 22.288663864135742 
1150 21.653709411621094 
1151 20.442670822143555 
1152 21.276813507080078 
1153 20.921510696411133 
1154 22.338533401489258 
1155 21.965587615966797 
1156 21.264657974243164 
1157 27.655614852905273 
1158 28.030641555786133 
1159 21.619464874267578 
1160 20.02159309387207 
1161 21.31436538696289 
1162 21.2871150970459 
1163 22.271921157836914 
1164 19.009265899658203 
1165 20.13031578063965 
1166 21.473169326782227 
1167 19.81511878967285 
1168 21.120994567871094 
1169 21.406679153442383 
1170 21.75628662109375 
1171 21.559091567993164 
1172 21.484725952148438 
1173 19.736772537231445 
1174 25.110559463500977 
1175 23.30810546875 
1176 19.785171508789062 
1177 22.04393768310547 
1178 20.138944625854492 
1179 19.550086975097656 
1180 22.045854568481445 
1181 21.988752365112305 
1182 22.86345863342285 
1183 21.39904022216797 
1184 19.702608108520508 
1185 20.293821334838867 
1186 22.174535751342773 
1187 23.572490692138672 
1188 20.78399085998535 
1189 23.38909339904785 
1190 19.705591201782227 
1191 22.208759307861328 
1192 25.078641891479492 
1193 24.737302780151367 
1194 19.221599578857422 
1195 22.590923309326172 
1196 21.711692810058594 
1197 21.514122009277344 
1198 18.827726364135742 
1199 18.878299713134766 
1200 19.222421646118164 
1201 19.01014518737793 
1202 19.531784057617188 
1203 21.399307250976562 
1204 21.00312042236328 
1205 21.528301239013672 
1206 22.200124740600586 
1207 19.330718994140625 
1208 20.238136291503906 
1209 20.8974666595459 
1210 20.08621597290039 
1211 20.773208618164062 
1212 20.87383270263672 
1213 20.75567626953125 
1214 20.455873489379883 
1215 20.283065795898438 
1216 18.97932243347168 
1217 19.438955307006836 
1218 19.852266311645508 
1219 20.634634017944336 
1220 21.040382385253906 
1221 22.186756134033203 
1222 19.73308563232422 
1223 20.20327377319336 
1224 21.642919540405273 
1225 19.3380069732666 
1226 21.142168045043945 
1227 19.189786911010742 
1228 19.454429626464844 
1229 19.722248077392578 
1230 18.922887802124023 
1231 21.402080535888672 
1232 22.334596633911133 
1233 23.988962173461914 
1234 24.92587661743164 
1235 20.31670570373535 
1236 20.650968551635742 
1237 20.57663345336914 
1238 25.181123733520508 
1239 20.68785858154297 
1240 21.721240997314453 
1241 22.466753005981445 
1242 22.866079330444336 
1243 18.897565841674805 
1244 20.836448669433594 
1245 23.137758255004883 
1246 24.219518661499023 
1247 19.690340042114258 
1248 21.022489547729492 
1249 21.18549156188965 
1250 20.485069274902344 
1251 20.604265213012695 
1252 23.73406219482422 
1253 21.981334686279297 
1254 19.637142181396484 
1255 19.30185890197754 
1256 23.752656936645508 
1257 20.706890106201172 
1258 20.149179458618164 
1259 18.901683807373047 
1260 20.24309539794922 
1261 26.198225021362305 
1262 21.0344295501709 
1263 21.147384643554688 
1264 21.564416885375977 
1265 19.780492782592773 
1266 20.277734756469727 
1267 19.358718872070312 
1268 19.109041213989258 
1269 19.91979217529297 
1270 20.128307342529297 
1271 21.582780838012695 
1272 19.25749397277832 
1273 20.891708374023438 
1274 20.344480514526367 
1275 25.3536434173584 
1276 19.615863800048828 
1277 19.507017135620117 
1278 17.821834564208984 
1279 19.1483097076416 
1280 17.770828247070312 
1281 19.610641479492188 
1282 18.4736328125 
1283 20.144210815429688 
1284 21.055286407470703 
1285 21.751161575317383 
1286 17.68520164489746 
1287 18.055187225341797 
1288 21.32434844970703 
1289 25.408288955688477 
1290 17.993057250976562 
1291 21.370080947875977 
1292 19.73866081237793 
1293 19.23826026916504 
1294 17.10762596130371 
1295 18.646251678466797 
1296 19.494409561157227 
1297 18.580106735229492 
1298 18.293716430664062 
1299 19.440061569213867 
1300 18.980648040771484 
1301 19.54522132873535 
1302 19.828935623168945 
1303 21.287015914916992 
1304 19.307449340820312 
1305 21.129371643066406 
1306 22.575660705566406 
1307 24.659242630004883 
1308 18.914901733398438 
1309 19.14984893798828 
1310 18.822511672973633 
1311 19.75482749938965 
1312 21.969797134399414 
1313 20.971023559570312 
1314 20.300748825073242 
1315 23.51849937438965 
1316 18.77291488647461 
1317 20.008705139160156 
1318 20.97203826904297 
1319 19.01854133605957 
1320 18.391223907470703 
1321 19.127168655395508 
1322 17.9500675201416 
1323 20.385229110717773 
1324 18.988224029541016 
1325 18.124040603637695 
1326 25.96261215209961 
1327 20.919748306274414 
1328 22.8938045501709 
1329 18.362140655517578 
1330 19.613122940063477 
1331 21.49993896484375 
1332 21.930831909179688 
1333 24.085859298706055 
1334 25.056228637695312 
1335 19.65819549560547 
1336 18.230154037475586 
1337 19.1973819732666 
1338 21.40306854248047 
1339 20.835538864135742 
1340 24.57160186767578 
1341 19.806833267211914 
1342 24.553560256958008 
1343 22.11054229736328 
1344 23.025745391845703 
1345 19.638853073120117 
1346 18.324281692504883 
1347 18.648021697998047 
1348 18.26894760131836 
1349 21.43195343017578 
1350 21.618505477905273 
1351 19.40331268310547 
1352 22.25251007080078 
1353 18.522912979125977 
1354 18.535289764404297 
1355 18.38377571105957 
1356 19.895727157592773 
1357 19.658876419067383 
1358 18.997886657714844 
1359 21.17519760131836 
1360 20.076400756835938 
1361 18.122716903686523 
1362 20.00873374938965 
1363 18.395559310913086 
1364 16.904308319091797 
1365 16.919960021972656 
1366 19.486282348632812 
1367 19.435287475585938 
1368 21.7094669342041 
1369 22.337594985961914 
1370 21.04001235961914 
1371 18.31958770751953 
1372 20.715822219848633 
1373 17.310226440429688 
1374 21.263744354248047 
1375 20.90618324279785 
1376 19.532442092895508 
1377 17.856924057006836 
1378 20.413684844970703 
1379 19.445392608642578 
1380 17.226882934570312 
1381 18.27079963684082 
1382 17.48517417907715 
1383 16.742477416992188 
1384 17.532878875732422 
1385 17.000457763671875 
1386 17.283145904541016 
1387 19.27289390563965 
1388 19.00735855102539 
1389 17.49396324157715 
1390 20.104732513427734 
1391 18.025707244873047 
1392 19.205982208251953 
1393 18.57256317138672 
1394 19.924022674560547 
1395 16.508512496948242 
1396 21.816740036010742 
1397 22.949867248535156 
1398 20.792522430419922 
1399 18.65350914001465 
1400 18.264007568359375 
1401 18.219209671020508 
1402 16.13921546936035 
1403 18.774158477783203 
1404 19.123245239257812 
1405 17.580232620239258 
1406 18.51152801513672 
1407 19.58772850036621 
1408 19.29593276977539 
1409 20.593549728393555 
1410 22.291109085083008 
1411 18.69546890258789 
1412 19.334157943725586 
1413 20.306642532348633 
1414 19.331819534301758 
1415 16.72362518310547 
1416 17.541826248168945 
1417 18.59530258178711 
1418 20.441423416137695 
1419 20.771921157836914 
1420 17.549991607666016 
1421 20.752975463867188 
1422 23.130990982055664 
1423 18.127243041992188 
1424 20.744871139526367 
1425 17.45766258239746 
1426 17.643320083618164 
1427 18.96649169921875 
1428 19.10128402709961 
1429 17.177248001098633 
1430 17.085172653198242 
1431 17.885974884033203 
1432 22.798646926879883 
1433 17.14544105529785 
1434 19.203102111816406 
1435 17.33928871154785 
1436 16.758102416992188 
1437 21.994165420532227 
1438 21.331571578979492 
1439 17.43492889404297 
1440 17.19251251220703 
1441 18.190412521362305 
1442 16.883024215698242 
1443 17.220298767089844 
1444 17.75702667236328 
1445 20.044635772705078 
1446 17.336444854736328 
1447 17.52500343322754 
1448 17.96092987060547 
1449 18.796449661254883 
1450 17.85112953186035 
1451 20.836137771606445 
1452 19.092628479003906 
1453 17.452138900756836 
1454 17.937397003173828 
1455 16.28562355041504 
1456 17.550020217895508 
1457 17.464204788208008 
1458 17.9641170501709 
1459 19.01572036743164 
1460 18.767826080322266 
1461 21.176328659057617 
1462 19.507963180541992 
1463 16.56035804748535 
1464 16.477014541625977 
1465 16.553424835205078 
1466 17.020729064941406 
1467 18.875513076782227 
1468 17.257526397705078 
1469 16.808374404907227 
1470 20.004863739013672 
1471 19.235107421875 
1472 20.924287796020508 
1473 21.185222625732422 
1474 18.555152893066406 
1475 19.563997268676758 
1476 20.04483413696289 
1477 17.440757751464844 
1478 20.421428680419922 
1479 17.468299865722656 
1480 16.037960052490234 
1481 18.85531234741211 
1482 19.611827850341797 
1483 19.359207153320312 
1484 17.078636169433594 
1485 19.284414291381836 
1486 20.107284545898438 
1487 19.245956420898438 
1488 19.096359252929688 
1489 19.338104248046875 
1490 17.293127059936523 
1491 16.43105125427246 
1492 18.72743797302246 
1493 20.534448623657227 
1494 18.516996383666992 
1495 20.034521102905273 
1496 17.323570251464844 
1497 17.7022762298584 
1498 18.20328140258789 
1499 17.274660110473633 
1500 16.73724365234375 
1501 18.36078453063965 
1502 23.061037063598633 
1503 22.644668579101562 
1504 18.35843849182129 
1505 19.170822143554688 
1506 18.312633514404297 
1507 20.773889541625977 
1508 21.108015060424805 
1509 20.568815231323242 
1510 19.47691535949707 
1511 18.447629928588867 
1512 20.138450622558594 
1513 18.86274528503418 
1514 18.51587677001953 
1515 19.753572463989258 
1516 18.178485870361328 
1517 17.99776840209961 
1518 16.697031021118164 
1519 18.250062942504883 
1520 15.949307441711426 
1521 16.92498779296875 
1522 17.980602264404297 
1523 18.09540557861328 
1524 16.422927856445312 
1525 17.179443359375 
1526 20.40168571472168 
1527 23.49964141845703 
1528 19.01154136657715 
1529 17.584196090698242 
1530 16.688888549804688 
1531 17.495946884155273 
1532 17.386960983276367 
1533 15.758780479431152 
1534 16.717613220214844 
1535 17.44192123413086 
1536 19.372316360473633 
1537 17.386112213134766 
1538 18.707799911499023 
1539 20.871471405029297 
1540 21.392135620117188 
1541 20.674543380737305 
1542 19.574541091918945 
1543 17.011119842529297 
1544 16.757930755615234 
1545 16.549928665161133 
1546 17.666149139404297 
1547 16.568422317504883 
1548 16.413082122802734 
1549 16.888864517211914 
1550 15.81941032409668 
1551 19.470317840576172 
1552 19.22620391845703 
1553 16.72608184814453 
1554 16.86025619506836 
1555 17.171520233154297 
1556 15.612369537353516 
1557 20.006027221679688 
1558 17.95763397216797 
1559 17.81444549560547 
1560 16.680028915405273 
1561 17.214967727661133 
1562 16.77436065673828 
1563 15.69717788696289 
1564 21.7037353515625 
1565 17.719337463378906 
1566 16.86493682861328 
1567 16.545063018798828 
1568 17.966310501098633 
1569 20.309188842773438 
1570 20.72564125061035 
1571 17.479825973510742 
1572 15.503617286682129 
1573 21.321096420288086 
1574 17.519329071044922 
1575 16.188945770263672 
1576 16.083778381347656 
1577 16.863204956054688 
1578 15.735883712768555 
1579 16.662622451782227 
1580 16.368009567260742 
1581 15.3326997756958 
1582 17.67424774169922 
1583 19.468067169189453 
1584 17.597126007080078 
1585 18.78790855407715 
1586 17.6343994140625 
1587 16.814990997314453 
1588 16.1242733001709 
1589 18.144678115844727 
1590 16.77530860900879 
1591 15.381138801574707 
1592 15.615238189697266 
1593 15.258345603942871 
1594 17.139802932739258 
1595 18.303913116455078 
1596 17.753772735595703 
1597 18.410831451416016 
1598 16.902170181274414 
1599 19.483074188232422 
1600 17.911415100097656 
1601 16.717144012451172 
1602 18.062788009643555 
1603 20.43724822998047 
1604 16.877408981323242 
1605 15.659468650817871 
1606 17.4085750579834 
1607 17.720415115356445 
1608 18.904294967651367 
1609 17.95429801940918 
1610 16.868379592895508 
1611 16.171857833862305 
1612 18.54955291748047 
1613 20.86507797241211 
1614 16.495431900024414 
1615 18.003890991210938 
1616 19.10449981689453 
1617 17.865188598632812 
1618 17.600666046142578 
1619 19.226499557495117 
1620 16.262685775756836 
1621 15.441725730895996 
1622 17.116533279418945 
1623 15.55344009399414 
1624 15.07066535949707 
1625 16.930877685546875 
1626 16.13814926147461 
1627 15.078984260559082 
1628 18.0821533203125 
1629 16.970226287841797 
1630 17.389944076538086 
1631 16.084806442260742 
1632 16.842395782470703 
1633 16.795169830322266 
1634 15.450906753540039 
1635 18.45175552368164 
1636 18.650611877441406 
1637 18.30105972290039 
1638 22.293678283691406 
1639 16.588359832763672 
1640 15.485376358032227 
1641 17.421119689941406 
1642 19.913372039794922 
1643 17.46600341796875 
1644 15.721981048583984 
1645 14.851153373718262 
1646 18.96837615966797 
1647 15.455937385559082 
1648 17.324491500854492 
1649 20.003253936767578 
1650 16.730525970458984 
1651 17.06627655029297 
1652 16.005661010742188 
1653 16.35530662536621 
1654 18.074892044067383 
1655 17.214296340942383 
1656 15.217068672180176 
1657 18.52240562438965 
1658 21.779394149780273 
1659 21.039697647094727 
1660 18.399219512939453 
1661 22.089557647705078 
1662 17.800209045410156 
1663 15.530865669250488 
1664 15.241403579711914 
1665 15.07019329071045 
1666 16.51373291015625 
1667 15.351755142211914 
1668 16.92083168029785 
1669 19.087671279907227 
1670 15.507099151611328 
1671 15.576563835144043 
1672 15.169715881347656 
1673 15.542101860046387 
1674 14.349562644958496 
1675 15.388930320739746 
1676 17.276779174804688 
1677 24.735788345336914 
1678 18.34172821044922 
1679 15.236795425415039 
1680 14.97616195678711 
1681 15.000645637512207 
1682 15.726531982421875 
1683 16.84905242919922 
1684 16.46906089782715 
1685 14.681168556213379 
1686 15.728865623474121 
1687 16.099401473999023 
1688 15.78918170928955 
1689 15.115178108215332 
1690 16.979785919189453 
1691 15.616698265075684 
1692 15.817054748535156 
1693 14.416393280029297 
1694 16.762371063232422 
1695 20.657567977905273 
1696 15.670903205871582 
1697 15.713964462280273 
1698 15.968035697937012 
1699 15.24032211303711 
1700 15.337430000305176 
1701 14.828217506408691 
1702 15.367570877075195 
1703 16.179166793823242 
1704 16.679410934448242 
1705 16.48804473876953 
1706 16.076086044311523 
1707 15.779937744140625 
1708 15.223407745361328 
1709 15.481544494628906 
1710 14.907855033874512 
1711 15.234980583190918 
1712 16.576204299926758 
1713 17.57567596435547 
1714 17.560340881347656 
1715 18.934850692749023 
1716 15.717363357543945 
1717 17.03046226501465 
1718 17.12267303466797 
1719 16.851327896118164 
1720 16.598125457763672 
1721 17.004009246826172 
1722 18.71978187561035 
1723 19.842626571655273 
1724 22.249914169311523 
1725 16.166528701782227 
1726 14.532109260559082 
1727 15.919944763183594 
1728 17.255409240722656 
1729 16.531862258911133 
1730 17.536226272583008 
1731 16.50563621520996 
1732 15.998882293701172 
1733 16.016490936279297 
1734 15.62432861328125 
1735 16.215330123901367 
1736 17.795211791992188 
1737 14.94740104675293 
1738 14.615067481994629 
1739 15.149794578552246 
1740 15.9075927734375 
1741 18.806655883789062 
1742 17.601099014282227 
1743 15.709903717041016 
1744 16.26873016357422 
1745 17.330242156982422 
1746 14.679609298706055 
1747 15.695517539978027 
1748 16.16649627685547 
1749 15.449323654174805 
1750 15.485701560974121 
1751 16.03081512451172 
1752 16.48575210571289 
1753 14.790977478027344 
1754 14.83205795288086 
1755 14.386290550231934 
1756 18.151565551757812 
1757 13.915822982788086 
1758 17.599720001220703 
1759 14.942667007446289 
1760 14.393182754516602 
1761 14.125984191894531 
1762 14.972594261169434 
1763 17.4695987701416 
1764 17.391090393066406 
1765 15.812784194946289 
1766 14.970254898071289 
1767 14.707845687866211 
1768 15.623164176940918 
1769 17.22663688659668 
1770 15.652502059936523 
1771 21.2556209564209 
1772 16.552282333374023 
1773 15.382895469665527 
1774 13.886051177978516 
1775 15.619268417358398 
1776 16.217811584472656 
1777 15.567590713500977 
1778 16.905807495117188 
1779 15.769447326660156 
1780 16.16814613342285 
1781 15.26356315612793 
1782 15.288973808288574 
1783 14.793750762939453 
1784 14.134389877319336 
1785 16.6004581451416 
1786 17.883832931518555 
1787 15.868017196655273 
1788 14.947844505310059 
1789 14.763413429260254 
1790 14.79736614227295 
1791 14.671643257141113 
1792 14.265074729919434 
1793 16.308534622192383 
1794 14.689499855041504 
1795 16.648574829101562 
1796 18.328920364379883 
1797 23.76488494873047 
1798 14.658442497253418 
1799 15.65640640258789 
1800 16.447834014892578 
1801 14.566634178161621 
1802 15.239729881286621 
1803 15.801419258117676 
1804 17.06463623046875 
1805 19.65835952758789 
1806 16.04551124572754 
1807 14.920915603637695 
1808 14.045136451721191 
1809 15.984724044799805 
1810 17.41399574279785 
1811 14.734607696533203 
1812 15.265741348266602 
1813 22.873310089111328 
1814 16.591524124145508 
1815 18.467985153198242 
1816 14.745203971862793 
1817 14.567907333374023 
1818 15.393962860107422 
1819 16.523719787597656 
1820 18.207077026367188 
1821 18.472797393798828 
1822 16.015106201171875 
1823 14.913928031921387 
1824 15.333763122558594 
1825 14.672523498535156 
1826 15.270451545715332 
1827 14.944073677062988 
1828 15.018671035766602 
1829 14.687481880187988 
1830 15.182374000549316 
1831 15.726402282714844 
1832 14.714503288269043 
1833 16.51219940185547 
1834 14.33245849609375 
1835 14.022473335266113 
1836 14.490691184997559 
1837 15.915740013122559 
1838 16.150083541870117 
1839 14.245893478393555 
1840 15.649131774902344 
1841 14.101304054260254 
1842 13.489850044250488 
1843 15.391759872436523 
1844 19.861347198486328 
1845 14.010124206542969 
1846 14.038000106811523 
1847 15.2508544921875 
1848 14.412980079650879 
1849 15.1350679397583 
1850 15.193984031677246 
1851 13.833669662475586 
1852 14.4467191696167 
1853 17.07832145690918 
1854 15.894659042358398 
1855 14.436097145080566 
1856 14.091673851013184 
1857 16.058507919311523 
1858 15.24896240234375 
1859 14.841936111450195 
1860 14.885040283203125 
1861 14.882702827453613 
1862 14.304157257080078 
1863 15.050843238830566 
1864 17.138490676879883 
1865 16.66050148010254 
1866 17.156919479370117 
1867 14.924156188964844 
1868 15.926422119140625 
1869 15.23025131225586 
1870 18.47355079650879 
1871 15.5368070602417 
1872 14.975054740905762 
1873 17.79001235961914 
1874 14.904528617858887 
1875 15.658624649047852 
1876 14.570481300354004 
1877 17.934354782104492 
1878 15.869314193725586 
1879 14.744420051574707 
1880 14.856701850891113 
1881 14.89538288116455 
1882 15.377845764160156 
1883 14.896288871765137 
1884 14.468423843383789 
1885 18.49037742614746 
1886 16.770774841308594 
1887 15.924983978271484 
1888 15.887767791748047 
1889 13.953524589538574 
1890 14.651206970214844 
1891 14.342708587646484 
1892 17.78539276123047 
1893 13.869956016540527 
1894 13.915915489196777 
1895 15.839221000671387 
1896 19.537620544433594 
1897 20.769811630249023 
1898 17.402931213378906 
1899 14.35321044921875 
1900 16.536317825317383 
1901 15.590149879455566 
1902 18.242555618286133 
1903 17.262897491455078 
1904 14.618045806884766 
1905 15.933682441711426 
1906 16.69013023376465 
1907 14.03594970703125 
1908 15.262433052062988 
1909 19.592586517333984 
1910 16.168338775634766 
1911 14.796377182006836 
1912 14.144168853759766 
1913 18.094955444335938 
1914 16.793865203857422 
1915 15.890222549438477 
1916 13.311758041381836 
1917 13.150198936462402 
1918 15.627287864685059 
1919 15.660744667053223 
1920 14.312905311584473 
1921 14.602104187011719 
1922 15.297502517700195 
1923 13.885791778564453 
1924 14.408242225646973 
1925 15.335091590881348 
1926 14.378679275512695 
1927 16.662874221801758 
1928 17.198623657226562 
1929 15.54893684387207 
1930 13.716448783874512 
1931 15.896509170532227 
1932 15.472795486450195 
1933 14.156842231750488 
1934 15.718639373779297 
1935 14.618670463562012 
1936 16.724225997924805 
1937 15.01278305053711 
1938 14.878673553466797 
1939 15.171128273010254 
1940 16.88079071044922 
1941 15.528690338134766 
1942 14.521051406860352 
1943 14.689188003540039 
1944 13.787659645080566 
1945 13.648226737976074 
1946 16.336307525634766 
1947 15.553505897521973 
1948 14.118874549865723 
1949 16.445907592773438 
1950 15.562028884887695 
1951 14.686822891235352 
1952 15.399226188659668 
1953 19.192157745361328 
1954 14.854744911193848 
1955 16.236370086669922 
1956 14.772047996520996 
1957 14.754342079162598 
1958 15.156983375549316 
1959 17.425342559814453 
1960 15.745732307434082 
1961 14.053215026855469 
1962 13.872053146362305 
1963 15.677613258361816 
1964 15.371055603027344 
1965 15.79446029663086 
1966 16.204675674438477 
1967 14.951071739196777 
1968 13.262341499328613 
1969 14.067645072937012 
1970 14.433138847351074 
1971 13.252069473266602 
1972 13.907597541809082 
1973 16.238393783569336 
1974 16.003192901611328 
1975 15.032784461975098 
1976 13.690040588378906 
1977 12.976120948791504 
1978 14.133110046386719 
1979 13.957062721252441 
1980 17.36023712158203 
1981 15.415392875671387 
1982 14.036250114440918 
1983 16.65904998779297 
1984 15.868122100830078 
1985 14.744171142578125 
1986 14.959298133850098 
1987 15.908835411071777 
1988 13.544864654541016 
1989 15.42247200012207 
1990 13.847590446472168 
1991 17.607105255126953 
1992 14.431014060974121 
1993 14.790412902832031 
1994 14.247101783752441 
1995 14.435564994812012 
1996 14.148761749267578 
1997 14.408509254455566 
1998 13.982065200805664 
1999 16.488645553588867 
2000 15.813799858093262 
2001 15.544397354125977 
2002 17.336915969848633 
2003 14.747236251831055 
2004 13.908577919006348 
2005 12.657975196838379 
2006 13.094693183898926 
2007 13.455127716064453 
2008 14.92919921875 
2009 13.569432258605957 
2010 15.42263412475586 
2011 15.312190055847168 
2012 13.191904067993164 
2013 13.868644714355469 
2014 13.471331596374512 
2015 13.873117446899414 
2016 13.895245552062988 
2017 19.729406356811523 
2018 13.900605201721191 
2019 14.124612808227539 
2020 14.047094345092773 
2021 15.412545204162598 
2022 15.641242980957031 
2023 14.184761047363281 
2024 14.73382568359375 
2025 13.918387413024902 
2026 15.8363618850708 
2027 17.628273010253906 
2028 14.984596252441406 
2029 17.407052993774414 
2030 15.219849586486816 
2031 19.39702606201172 
2032 13.987895965576172 
2033 13.739116668701172 
2034 14.641757011413574 
2035 14.900739669799805 
2036 15.2009859085083 
2037 14.903167724609375 
2038 13.645347595214844 
2039 13.265921592712402 
2040 14.49068832397461 
2041 16.801998138427734 
2042 15.93559455871582 
2043 18.26095199584961 
2044 14.531516075134277 
2045 13.587058067321777 
2046 15.360076904296875 
2047 14.56747817993164 
2048 13.951937675476074 
2049 14.42468547821045 
2050 18.284509658813477 
2051 17.20391273498535 
2052 13.268277168273926 
2053 13.896493911743164 
2054 14.693565368652344 
2055 14.065848350524902 
2056 15.289974212646484 
2057 13.469287872314453 
2058 16.359756469726562 
2059 15.406702041625977 
2060 13.993324279785156 
2061 13.322945594787598 
2062 13.910353660583496 
2063 15.176408767700195 
2064 13.401777267456055 
2065 15.184776306152344 
2066 14.514412879943848 
2067 12.803278923034668 
2068 13.816841125488281 
2069 14.863303184509277 
2070 12.630254745483398 
2071 13.213645935058594 
2072 13.071573257446289 
2073 12.949213981628418 
2074 14.657719612121582 
2075 16.425643920898438 
2076 14.251134872436523 
2077 14.05422592163086 
2078 14.224954605102539 
2079 14.482369422912598 
2080 15.861723899841309 
2081 14.32855224609375 
2082 12.457813262939453 
2083 13.164698600769043 
2084 13.428396224975586 
2085 13.544658660888672 
2086 13.026372909545898 
2087 13.421802520751953 
2088 14.285205841064453 
2089 15.27376937866211 
2090 12.398967742919922 
2091 14.410687446594238 
2092 15.339591979980469 
2093 16.996662139892578 
2094 14.072253227233887 
2095 14.521832466125488 
2096 14.416316032409668 
2097 14.783226013183594 
2098 15.095544815063477 
2099 13.619180679321289 
2100 13.380751609802246 
2101 13.003434181213379 
2102 13.877785682678223 
2103 14.191497802734375 
2104 14.972782135009766 
2105 16.830236434936523 
2106 13.971778869628906 
2107 14.897311210632324 
2108 13.127408027648926 
2109 14.070151329040527 
2110 18.368440628051758 
2111 15.3201904296875 
2112 16.11180877685547 
2113 13.174210548400879 
2114 14.491196632385254 
2115 13.491089820861816 
2116 15.781091690063477 
2117 15.669629096984863 
2118 16.994789123535156 
2119 14.8256196975708 
2120 13.697386741638184 
2121 13.117470741271973 
2122 14.083560943603516 
2123 12.992757797241211 
2124 13.227228164672852 
2125 17.167211532592773 
2126 13.843040466308594 
2127 13.887158393859863 
2128 12.297637939453125 
2129 13.791486740112305 
2130 14.048017501831055 
2131 12.937382698059082 
2132 13.553241729736328 
2133 14.950697898864746 
2134 13.714738845825195 
2135 15.290331840515137 
2136 16.324810028076172 
2137 17.724720001220703 
2138 15.377193450927734 
2139 14.32790756225586 
2140 13.990735054016113 
2141 12.295642852783203 
2142 14.282118797302246 
2143 13.045493125915527 
2144 13.381404876708984 
2145 14.112895965576172 
2146 14.192038536071777 
2147 13.528763771057129 
2148 13.564126014709473 
2149 12.884682655334473 
2150 13.629691123962402 
2151 15.004688262939453 
2152 13.138487815856934 
2153 14.546318054199219 
2154 14.701346397399902 
2155 13.579877853393555 
2156 15.32164192199707 
2157 14.49186897277832 
2158 14.879014015197754 
2159 12.795623779296875 
2160 13.122446060180664 
2161 14.622136116027832 
2162 14.365199089050293 
2163 13.903216361999512 
2164 12.246848106384277 
2165 13.63571548461914 
2166 13.001065254211426 
2167 16.54906463623047 
2168 15.590265274047852 
2169 13.05573844909668 
2170 13.482011795043945 
2171 13.868753433227539 
2172 14.418661117553711 
2173 17.855852127075195 
2174 15.216217041015625 
2175 14.181866645812988 
2176 13.160118103027344 
2177 13.277056694030762 
2178 12.886455535888672 
2179 12.6442289352417 
2180 13.139809608459473 
2181 13.97619915008545 
2182 16.467056274414062 
2183 14.099266052246094 
2184 13.462265968322754 
2185 13.162239074707031 
2186 13.278478622436523 
2187 12.750962257385254 
2188 15.769804954528809 
2189 16.800949096679688 
2190 14.58980941772461 
2191 13.152840614318848 
2192 13.54477310180664 
2193 15.12620735168457 
2194 13.508399963378906 
2195 14.284180641174316 
2196 12.974442481994629 
2197 14.279132843017578 
2198 14.324117660522461 
2199 14.2612943649292 
2200 14.079052925109863 
2201 13.585210800170898 
2202 12.985690116882324 
2203 13.000164031982422 
2204 14.698131561279297 
2205 17.610301971435547 
2206 14.207927703857422 
2207 13.311617851257324 
2208 13.878942489624023 
2209 14.109395980834961 
2210 14.549676895141602 
2211 15.622079849243164 
2212 17.692930221557617 
2213 14.448363304138184 
2214 13.527013778686523 
2215 13.478314399719238 
2216 13.363042831420898 
2217 14.151805877685547 
2218 20.14312171936035 
2219 17.029695510864258 
2220 14.427377700805664 
2221 12.096701622009277 
2222 12.971149444580078 
2223 12.571833610534668 
2224 13.534924507141113 
2225 14.426268577575684 
2226 15.932503700256348 
2227 16.49156951904297 
2228 13.117941856384277 
2229 12.081589698791504 
2230 12.576791763305664 
2231 15.764573097229004 
2232 13.056509017944336 
2233 13.640872955322266 
2234 13.786044120788574 
2235 13.809800148010254 
2236 15.036983489990234 
2237 13.652698516845703 
2238 12.807404518127441 
2239 13.23463249206543 
2240 12.794855117797852 
2241 13.104222297668457 
2242 14.22293472290039 
2243 14.202230453491211 
2244 13.263683319091797 
2245 13.612274169921875 
2246 12.73084831237793 
2247 12.432867050170898 
2248 12.687590599060059 
2249 13.271723747253418 
2250 13.751486778259277 
2251 14.320172309875488 
2252 13.512097358703613 
2253 13.485447883605957 
2254 14.070880889892578 
2255 12.542567253112793 
2256 13.318892478942871 
2257 15.319991111755371 
2258 15.752306938171387 
2259 13.419425010681152 
2260 14.304656982421875 
2261 12.636448860168457 
2262 14.270280838012695 
2263 14.211735725402832 
2264 13.697269439697266 
2265 13.200409889221191 
2266 13.084224700927734 
2267 13.10066032409668 
2268 14.771856307983398 
2269 16.232765197753906 
2270 13.369288444519043 
2271 13.918466567993164 
2272 13.712602615356445 
2273 12.591788291931152 
2274 14.39044189453125 
2275 12.42654800415039 
2276 13.416974067687988 
2277 12.173009872436523 
2278 13.685420989990234 
2279 14.420209884643555 
2280 13.45305061340332 
2281 12.611501693725586 
2282 18.785663604736328 
2283 14.882523536682129 
2284 12.246827125549316 
2285 12.915061950683594 
2286 13.42579460144043 
2287 13.101656913757324 
2288 15.46090316772461 
2289 14.305436134338379 
2290 12.85147476196289 
2291 12.074377059936523 
2292 12.763493537902832 
2293 13.002352714538574 
2294 13.168839454650879 
2295 15.50098991394043 
2296 13.324884414672852 
2297 12.652441024780273 
2298 11.836237907409668 
2299 12.439223289489746 
2300 13.795013427734375 
2301 13.895390510559082 
2302 15.872821807861328 
2303 13.469657897949219 
2304 13.415958404541016 
2305 13.083613395690918 
2306 12.421189308166504 
2307 11.891003608703613 
2308 14.322132110595703 
2309 14.142669677734375 
2310 12.901257514953613 
2311 12.577210426330566 
2312 13.599706649780273 
2313 12.552690505981445 
2314 14.261733055114746 
2315 16.141983032226562 
2316 12.958601951599121 
2317 13.643842697143555 
2318 15.237044334411621 
2319 13.55961799621582 
2320 12.696154594421387 
2321 13.130911827087402 
2322 12.046520233154297 
2323 12.306934356689453 
2324 12.698419570922852 
2325 12.680937767028809 
2326 14.546165466308594 
2327 15.455158233642578 
2328 17.124679565429688 
2329 16.04863929748535 
2330 12.895820617675781 
2331 11.679490089416504 
2332 14.692534446716309 
2333 14.525350570678711 
2334 13.559937477111816 
2335 16.981752395629883 
2336 16.140056610107422 
2337 12.894875526428223 
2338 13.140371322631836 
2339 12.777851104736328 
2340 12.725839614868164 
2341 12.680863380432129 
2342 13.359389305114746 
2343 13.118953704833984 
2344 13.639376640319824 
2345 12.759876251220703 
2346 13.920424461364746 
2347 15.118803977966309 
2348 14.211913108825684 
2349 13.54833698272705 
2350 13.484441757202148 
2351 14.175793647766113 
2352 12.398259162902832 
2353 11.751646995544434 
2354 13.170075416564941 
2355 12.676605224609375 
2356 12.560649871826172 
2357 14.373865127563477 
2358 12.566524505615234 
2359 15.575411796569824 
2360 13.902044296264648 
2361 12.355016708374023 
2362 13.864611625671387 
2363 15.573241233825684 
2364 14.804984092712402 
2365 13.631052017211914 
2366 14.692405700683594 
2367 13.674965858459473 
2368 14.130500793457031 
2369 12.91328239440918 
2370 14.2874174118042 
2371 13.163055419921875 
2372 14.533489227294922 
2373 13.853394508361816 
2374 13.954575538635254 
2375 16.380617141723633 
2376 13.516100883483887 
2377 12.253024101257324 
2378 12.109705924987793 
2379 14.304864883422852 
2380 12.485930442810059 
2381 12.788761138916016 
2382 12.743228912353516 
2383 13.030467987060547 
2384 12.97172737121582 
2385 14.7704496383667 
2386 12.866732597351074 
2387 13.347259521484375 
2388 12.367386817932129 
2389 12.069196701049805 
2390 13.912510871887207 
2391 13.157135963439941 
2392 11.828377723693848 
2393 12.999581336975098 
2394 12.8186616897583 
2395 12.804864883422852 
2396 12.224055290222168 
2397 12.551233291625977 
2398 11.724649429321289 
2399 12.181509971618652 
2400 14.642050743103027 
2401 12.113541603088379 
2402 13.96484088897705 
2403 12.818005561828613 
2404 12.658167839050293 
2405 13.983600616455078 
2406 14.025903701782227 
2407 12.606884002685547 
2408 13.223645210266113 
2409 13.418905258178711 
2410 14.042202949523926 
2411 11.941242218017578 
2412 12.654487609863281 
2413 11.804708480834961 
2414 13.324938774108887 
2415 12.405879974365234 
2416 13.439391136169434 
2417 14.153676986694336 
2418 13.286046028137207 
2419 13.439506530761719 
2420 13.608297348022461 
2421 12.853985786437988 
2422 14.735052108764648 
2423 13.97857666015625 
2424 12.554165840148926 
2425 12.28046989440918 
2426 12.208878517150879 
2427 12.872222900390625 
2428 13.815396308898926 
2429 12.630298614501953 
2430 12.172956466674805 
2431 12.95340347290039 
2432 13.166765213012695 
2433 13.858297348022461 
2434 12.828012466430664 
2435 12.003752708435059 
2436 13.086067199707031 
2437 11.777990341186523 
2438 12.539194107055664 
2439 16.155921936035156 
2440 14.762384414672852 
2441 12.55862808227539 
2442 12.382254600524902 
2443 12.0991849899292 
2444 14.258901596069336 
2445 13.016867637634277 
2446 12.445033073425293 
2447 14.351920127868652 
2448 12.684072494506836 
2449 13.350269317626953 
2450 12.289401054382324 
2451 11.892472267150879 
2452 11.988802909851074 
2453 11.221159934997559 
2454 12.235452651977539 
2455 12.18153190612793 
2456 12.090007781982422 
2457 12.303763389587402 
2458 13.155074119567871 
2459 13.462769508361816 
2460 13.27955436706543 
2461 12.582088470458984 
2462 12.375541687011719 
2463 12.254814147949219 
2464 12.254022598266602 
2465 11.307412147521973 
2466 12.747919082641602 
2467 13.031604766845703 
2468 12.627143859863281 
2469 13.354876518249512 
2470 13.931836128234863 
2471 12.283740997314453 
2472 12.123987197875977 
2473 12.12318229675293 
2474 15.304162979125977 
2475 15.04686164855957 
2476 14.980831146240234 
2477 11.855491638183594 
2478 12.760546684265137 
2479 11.165396690368652 
2480 11.932808876037598 
2481 12.4029541015625 
2482 11.467957496643066 
2483 11.617981910705566 
2484 12.901069641113281 
2485 16.22135353088379 
2486 13.326860427856445 
2487 12.313414573669434 
2488 14.316686630249023 
2489 13.359210014343262 
2490 11.56972885131836 
2491 12.167119979858398 
2492 13.378181457519531 
2493 13.099715232849121 
2494 14.154000282287598 
2495 13.42294692993164 
2496 12.62216567993164 
2497 11.978261947631836 
2498 11.668787002563477 
2499 11.232000350952148 
2500 11.567566871643066 
2501 11.298370361328125 
2502 12.71483039855957 
2503 16.20953369140625 
2504 13.355477333068848 
2505 11.603132247924805 
2506 10.871166229248047 
2507 11.708603858947754 
2508 11.84991455078125 
2509 11.930545806884766 
2510 12.527929306030273 
2511 14.106317520141602 
2512 11.317773818969727 
2513 13.298971176147461 
2514 12.009540557861328 
2515 11.816381454467773 
2516 12.646488189697266 
2517 12.537293434143066 
2518 12.262347221374512 
2519 11.752452850341797 
2520 13.009682655334473 
2521 12.330660820007324 
2522 14.062191009521484 
2523 12.882403373718262 
2524 12.137982368469238 
2525 14.613691329956055 
2526 11.950128555297852 
2527 11.274825096130371 
2528 12.316572189331055 
2529 13.201892852783203 
2530 11.770522117614746 
2531 11.637480735778809 
2532 12.436140060424805 
2533 13.990121841430664 
2534 12.273682594299316 
2535 12.53894329071045 
2536 12.139720916748047 
2537 16.59954833984375 
2538 13.937385559082031 
2539 14.695869445800781 
2540 12.924381256103516 
2541 14.150076866149902 
2542 12.880105972290039 
2543 13.691998481750488 
2544 12.838689804077148 
2545 10.909485816955566 
2546 11.984737396240234 
2547 13.35407829284668 
2548 14.303369522094727 
2549 16.192161560058594 
2550 12.179931640625 
2551 11.809155464172363 
2552 11.616154670715332 
2553 12.419574737548828 
2554 12.060062408447266 
2555 11.351698875427246 
2556 12.358028411865234 
2557 11.934104919433594 
2558 12.75744342803955 
2559 12.151342391967773 
2560 11.967576026916504 
2561 11.39512825012207 
2562 10.840326309204102 
2563 13.240487098693848 
2564 13.575142860412598 
2565 11.472750663757324 
2566 12.887123107910156 
2567 12.458475112915039 
2568 12.117968559265137 
2569 12.436014175415039 
2570 12.147139549255371 
2571 13.601449012756348 
2572 11.976358413696289 
2573 12.452934265136719 
2574 12.29822063446045 
2575 11.784354209899902 
2576 12.249309539794922 
2577 11.864487648010254 
2578 11.587407112121582 
2579 10.668400764465332 
2580 13.11435317993164 
2581 13.347721099853516 
2582 11.534843444824219 
2583 11.946867942810059 
2584 11.4478759765625 
2585 10.845732688903809 
2586 12.752725601196289 
2587 12.059015274047852 
2588 11.978992462158203 
2589 13.002018928527832 
2590 13.357527732849121 
2591 12.040692329406738 
2592 12.57187271118164 
2593 14.010441780090332 
2594 11.631208419799805 
2595 11.881884574890137 
2596 12.705527305603027 
2597 11.674164772033691 
2598 12.187973976135254 
2599 12.565771102905273 
2600 12.043901443481445 
2601 12.431675910949707 
2602 10.99639892578125 
2603 11.563837051391602 
2604 11.392940521240234 
2605 13.047677040100098 
2606 12.973712921142578 
2607 12.423836708068848 
2608 13.91999626159668 
2609 13.787059783935547 
2610 11.37732219696045 
2611 12.388940811157227 
2612 13.248870849609375 
2613 12.857868194580078 
2614 11.793645858764648 
2615 12.383525848388672 
2616 14.506277084350586 
2617 12.851970672607422 
2618 10.98929214477539 
2619 12.193700790405273 
2620 12.099082946777344 
2621 11.468047142028809 
2622 14.374677658081055 
2623 11.477473258972168 
2624 11.67332649230957 
2625 11.41580581665039 
2626 13.785539627075195 
2627 11.459168434143066 
2628 12.268311500549316 
2629 11.816205978393555 
2630 12.882001876831055 
2631 12.9334716796875 
2632 12.49563217163086 
2633 14.143714904785156 
2634 11.820886611938477 
2635 13.510441780090332 
2636 11.816269874572754 
2637 13.126429557800293 
2638 12.7964448928833 
2639 11.897818565368652 
2640 12.082846641540527 
2641 11.774384498596191 
2642 11.979034423828125 
2643 13.232399940490723 
2644 12.696048736572266 
2645 13.460357666015625 
2646 12.563857078552246 
2647 12.377346992492676 
2648 13.002307891845703 
2649 13.566658020019531 
2650 12.087787628173828 
2651 12.647010803222656 
2652 11.283777236938477 
2653 10.877885818481445 
2654 11.908695220947266 
2655 11.981112480163574 
2656 10.990103721618652 
2657 12.570145606994629 
2658 12.777286529541016 
2659 11.252452850341797 
2660 11.660350799560547 
2661 12.22360610961914 
2662 12.617347717285156 
2663 12.331901550292969 
2664 11.584416389465332 
2665 12.031347274780273 
2666 11.494712829589844 
2667 13.866084098815918 
2668 17.290294647216797 
2669 18.297531127929688 
2670 12.447734832763672 
2671 13.498316764831543 
2672 11.837615013122559 
2673 11.266796112060547 
2674 14.265778541564941 
2675 12.91816520690918 
2676 12.531469345092773 
2677 11.301905632019043 
2678 10.722399711608887 
2679 11.617093086242676 
2680 12.373013496398926 
2681 10.9950532913208 
2682 12.116397857666016 
2683 12.231562614440918 
2684 11.820709228515625 
2685 13.224864959716797 
2686 12.332623481750488 
2687 13.97343635559082 
2688 13.166409492492676 
2689 13.160208702087402 
2690 11.796570777893066 
2691 11.402230262756348 
2692 11.796167373657227 
2693 11.337172508239746 
2694 11.890754699707031 
2695 11.232398986816406 
2696 12.747379302978516 
2697 16.258508682250977 
2698 11.50048542022705 
2699 11.163137435913086 
2700 13.730181694030762 
2701 13.760950088500977 
2702 11.907672882080078 
2703 13.561288833618164 
2704 11.478602409362793 
2705 11.682991027832031 
2706 10.415386199951172 
2707 12.303375244140625 
2708 13.153545379638672 
2709 13.519377708435059 
2710 12.770734786987305 
2711 11.875038146972656 
2712 11.103017807006836 
2713 10.847264289855957 
2714 12.516146659851074 
2715 11.333318710327148 
2716 11.19416618347168 
2717 12.350480079650879 
2718 12.374001502990723 
2719 12.138633728027344 
2720 11.09542465209961 
2721 11.304322242736816 
2722 12.065839767456055 
2723 11.919774055480957 
2724 15.478503227233887 
2725 12.071783065795898 
2726 13.241353988647461 
2727 13.137921333312988 
2728 12.293395042419434 
2729 11.097208023071289 
2730 11.956594467163086 
2731 13.177453994750977 
2732 15.66451644897461 
2733 12.220564842224121 
2734 11.043848991394043 
2735 12.563283920288086 
2736 12.3042631149292 
2737 11.52526569366455 
2738 10.69488525390625 
2739 11.53304672241211 
2740 13.33558464050293 
2741 13.461999893188477 
2742 12.07921028137207 
2743 14.919102668762207 
2744 11.823395729064941 
2745 11.123766899108887 
2746 13.27546501159668 
2747 11.072125434875488 
2748 11.054244041442871 
2749 11.956330299377441 
2750 12.147270202636719 
2751 15.112181663513184 
2752 12.886390686035156 
2753 10.914514541625977 
2754 11.869205474853516 
2755 11.979378700256348 
2756 11.15301513671875 
2757 11.604147911071777 
2758 10.351009368896484 
2759 11.372159004211426 
2760 12.087445259094238 
2761 11.462560653686523 
2762 11.24865436553955 
2763 10.361306190490723 
2764 11.065853118896484 
2765 11.691753387451172 
2766 12.307526588439941 
2767 11.402251243591309 
2768 12.259337425231934 
2769 10.918684005737305 
2770 12.175651550292969 
2771 13.04098129272461 
2772 11.320265769958496 
2773 11.184078216552734 
2774 10.687721252441406 
2775 11.992358207702637 
2776 12.294958114624023 
2777 12.963772773742676 
2778 11.07898235321045 
2779 12.396706581115723 
2780 12.435450553894043 
2781 12.051776885986328 
2782 11.124284744262695 
2783 11.75627326965332 
2784 12.000341415405273 
2785 11.829707145690918 
2786 11.954118728637695 
2787 11.38331413269043 
2788 12.147555351257324 
2789 12.809314727783203 
2790 10.476093292236328 
2791 10.305960655212402 
2792 10.89057731628418 
2793 12.705069541931152 
2794 11.756211280822754 
2795 12.412508964538574 
2796 11.287349700927734 
2797 11.087128639221191 
2798 11.809063911437988 
2799 11.573974609375 
2800 12.074969291687012 
2801 10.931619644165039 
2802 11.484931945800781 
2803 11.08973503112793 
2804 12.305018424987793 
2805 12.269481658935547 
2806 12.851842880249023 
2807 11.316082000732422 
2808 11.021212577819824 
2809 12.24818229675293 
2810 11.813976287841797 
2811 11.84398078918457 
2812 12.006111145019531 
2813 11.138833045959473 
2814 12.201584815979004 
2815 11.030116081237793 
2816 10.948925971984863 
2817 11.244032859802246 
2818 12.436161994934082 
2819 12.149658203125 
2820 12.61978530883789 
2821 13.170672416687012 
2822 12.308446884155273 
2823 12.657812118530273 
2824 13.21911334991455 
2825 13.289717674255371 
2826 10.75337028503418 
2827 10.446307182312012 
2828 10.994227409362793 
2829 10.41250228881836 
2830 11.401307106018066 
2831 11.745306015014648 
2832 11.003348350524902 
2833 10.737835884094238 
2834 11.060162544250488 
2835 11.696257591247559 
2836 13.356331825256348 
2837 11.77470588684082 
2838 11.502079010009766 
2839 12.539501190185547 
2840 12.232921600341797 
2841 10.757940292358398 
2842 11.109719276428223 
2843 10.602121353149414 
2844 12.405614852905273 
2845 12.368990898132324 
2846 11.995870590209961 
2847 12.370963096618652 
2848 11.61529541015625 
2849 10.681756973266602 
2850 10.863913536071777 
2851 12.416084289550781 
2852 11.836507797241211 
2853 11.15301513671875 
2854 11.054635047912598 
2855 11.661853790283203 
2856 11.089900970458984 
2857 11.306792259216309 
2858 12.409473419189453 
2859 11.254840850830078 
2860 11.22983169555664 
2861 11.594677925109863 
2862 11.607534408569336 
2863 10.906214714050293 
2864 13.078709602355957 
2865 13.069967269897461 
2866 11.044549942016602 
2867 11.372618675231934 
2868 13.990311622619629 
2869 14.222297668457031 
2870 11.570940017700195 
2871 10.989433288574219 
2872 10.398154258728027 
2873 11.187276840209961 
2874 12.316606521606445 
2875 12.738494873046875 
2876 12.209331512451172 
2877 11.019671440124512 
2878 11.8026123046875 
2879 11.127642631530762 
2880 12.92603874206543 
2881 13.774907112121582 
2882 11.063331604003906 
2883 12.60904312133789 
2884 12.818388938903809 
2885 12.064125061035156 
2886 12.000709533691406 
2887 11.431317329406738 
2888 12.142892837524414 
2889 13.789128303527832 
2890 11.458714485168457 
2891 11.222358703613281 
2892 10.538143157958984 
2893 11.050180435180664 
2894 11.177140235900879 
2895 11.217458724975586 
2896 10.619193077087402 
2897 10.6359281539917 
2898 11.442566871643066 
2899 10.904840469360352 
2900 11.256036758422852 
2901 10.57110595703125 
2902 11.270459175109863 
2903 11.365504264831543 
2904 11.458239555358887 
2905 12.983680725097656 
2906 12.868206977844238 
2907 12.597550392150879 
2908 13.087359428405762 
2909 12.166739463806152 
2910 11.850028038024902 
2911 11.543188095092773 
2912 11.016124725341797 
2913 11.303703308105469 
2914 11.144488334655762 
2915 11.22690200805664 
2916 11.388033866882324 
2917 10.910126686096191 
2918 11.921234130859375 
2919 11.112295150756836 
2920 12.084278106689453 
2921 10.850613594055176 
2922 11.159884452819824 
2923 11.855216026306152 
2924 11.483114242553711 
2925 10.770386695861816 
2926 10.87182331085205 
2927 12.559885025024414 
2928 10.226583480834961 
2929 10.574929237365723 
2930 10.733928680419922 
2931 10.351367950439453 
2932 11.097774505615234 
2933 11.688697814941406 
2934 12.119304656982422 
2935 10.520596504211426 
2936 11.491689682006836 
2937 15.557231903076172 
2938 13.869001388549805 
2939 11.550553321838379 
2940 10.509803771972656 
2941 10.645439147949219 
2942 10.992785453796387 
2943 11.070661544799805 
2944 11.983953475952148 
2945 12.404029846191406 
2946 11.849945068359375 
2947 13.173236846923828 
2948 11.103498458862305 
2949 11.519618034362793 
2950 11.239750862121582 
2951 11.265848159790039 
2952 12.565953254699707 
2953 12.262934684753418 
2954 10.89348030090332 
2955 11.327306747436523 
2956 11.26237678527832 
2957 10.712885856628418 
2958 11.214158058166504 
2959 13.713204383850098 
2960 11.984461784362793 
2961 11.746234893798828 
2962 11.878155708312988 
2963 11.906294822692871 
2964 11.645795822143555 
2965 10.959246635437012 
2966 10.260122299194336 
2967 10.084443092346191 
2968 11.395416259765625 
2969 10.966894149780273 
2970 9.920670509338379 
2971 10.544214248657227 
2972 12.137958526611328 
2973 11.537323951721191 
2974 11.844557762145996 
2975 12.322709083557129 
2976 11.572410583496094 
2977 12.050711631774902 
2978 12.839216232299805 
2979 12.717082977294922 
2980 12.093716621398926 
2981 10.452564239501953 
2982 10.4642972946167 
2983 10.773198127746582 
2984 10.439483642578125 
2985 12.237875938415527 
2986 12.386109352111816 
2987 11.378355979919434 
2988 11.954580307006836 
2989 10.5545654296875 
2990 12.30885124206543 
2991 11.275371551513672 
2992 12.501506805419922 
2993 11.539129257202148 
2994 15.337594032287598 
2995 11.07652473449707 
2996 10.430089950561523 
2997 10.361123085021973 
2998 10.521777153015137 
2999 10.658707618713379 
3000 13.395439147949219 
