Data id, nº halogens, y_true, y_pred, abs(y_pred-y_true)
0  3  914.9851  928.5158  13.530708105468761
1  2  726.9757  734.7225  7.746773144531289
2  2  898.0555  912.1456  14.090129882812448
3  3  789.3349  788.4379  0.8969727539061978
4  1  891.4749  888.34326  3.131638281250048
5  4  860.0217  863.4575  3.43581953124999
6  1  911.7212  931.11865  19.397452343750047
7  2  861.9503  866.215  4.26472685546878
8  2  887.4582  899.81055  12.352346874999967
9  4  999.8264  1007.1073  7.280899804687465
10  2  901.4195  902.73334  1.313837402343779
11  2  777.7062  786.48456  8.778358105468783
12  3  778.645  785.34985  6.704853515625018
13  3  717.4347  731.15955  13.72484589843748
14  3  699.6258  709.83704  10.211236132812473
15  3  856.8664  860.3582  3.4918153320312513
16  2  867.9379  868.6104  0.6725125976562367
17  3  702.6138  707.38855  4.774749804687531
18  4  911.9816  919.74115  7.759549902343792
19  2  685.3683  689.23  3.8616804687500235
20  1  851.4937  869.74524  18.25153925781251
21  3  832.816  843.25507  10.439065917968719
22  3  917.2814  939.2993  22.017916406250038
23  3  885.2511  888.51196  3.2608628906250487
24  2  844.1629  852.84576  8.682864160156214
25  1  964.9259  973.9778  9.051883203125044
26  2  866.834  886.65186  19.817855468750054
27  1  697.5657  712.6265  15.060825878906257
28  3  858.0479  881.1765  23.128613671874973
29  1  978.5429  990.95685  12.413948144531219
30  3  1025.2639  1034.578  9.314102929687579
31  4  708.7293  713.16473  4.4354338867187835
32  1  1029.3262  1037.2972  7.971041210937528
33  1  1027.6902  1036.2593  8.569077343749996
34  2  799.0505  815.4591  16.408606445312444
35  1  696.7873  695.9277  0.8596266601562093
36  4  733.626  737.97  4.343970703125024
37  4  962.5692  963.0897  0.5205216796874765
38  2  790.0168  808.30963  18.29283134765626
39  4  808.3724  826.3187  17.94632558593753
40  4  1089.6391  1097.7983  8.159239843749901
41  2  901.385  914.3909  13.005930175781259
42  2  670.9611  679.6475  8.686421972656262
43  4  646.2645  652.70996  6.445460937500002
44  2  1076.3055  1080.8242  4.518718750000062
45  1  874.7182  882.0498  7.331604687499976
46  4  855.9025  863.28534  7.382839355468718
47  4  896.8819  897.37213  0.49023134765627674
48  3  853.1408  857.9568  4.815987109374987
49  3  890.7995  892.7019  1.9024042968750337
50  3  840.4251  845.99713  5.572031347656207
51  1  895.9287  910.53217  14.603465527343701
52  4  794.8221  801.0074  6.185285253906272
53  1  809.9259  809.7968  0.12908603515620598
54  4  881.7939  889.7023  7.908370507812492
55  2  865.9215  876.0586  10.137093749999963
56  3  763.8134  778.43134  14.617935449218749
57  2  933.0793  934.09875  1.0194548828125107
58  3  702.6137  702.8391  0.22541132812500564
59  1  836.3665  845.11273  8.746231933593776
60  1  916.7423  943.45374  26.7114353515625
61  1  838.6846  800.6078  38.076811914062546
62  1  925.7797  856.98846  68.7912356445313
63  3  792.4768  856.02875  63.551947558593724
64  3  794.7733  859.92896  65.15565507812505
65  4  907.9695  897.1033  10.866228515625039
66  4  1043.2995  1125.0726  81.77313183593742
67  3  866.5245  846.7763  19.74819384765624
68  4  911.8161  879.08264  32.733458398437506
69  2  820.9533  819.331  1.622306347656263
70  1  986.9448  959.8761  27.068701367187487
71  2  1139.4183  954.84625  184.5720475585938
72  1  623.8919  929.45544  305.56354433593754
73  1  1023.899  956.18964  67.70936376953125
74  3  821.9715  872.5266  50.55511132812501
75  2  816.185  750.22015  65.9648461914062

Mean Absolute Error (MAE) according to nº halogens: 1 halogen, 2 halogens, 3 halogens, 4 halogens
[34.70729015 20.29046712 16.55430575 12.97917294]
